6.500000000000000000e+01 2.000000000000000042e-02 1.000000000000000056e-01 5.000000000000000278e-02 2.000000000000000125e-09 9.599999999999999645e-01
6.581987805345613651e+01 2.039911399850090346e-02 1.006641643687839621e-01 4.856550673645929073e-02 2.005170410594060416e-09 9.646103870413623715e-01
6.516633032466697273e+01 2.068269740354659533e-02 1.038027197231758542e-01 4.893875438180763510e-02 2.032953932011787650e-09 9.685806651258382916e-01
6.537342422209628978e+01 2.069747060887872428e-02 1.028133629802045201e-01 5.998105411448666213e-02 2.065594990206600142e-09 9.695438648261146541e-01
6.647726637319719600e+01 2.129660613841016445e-02 1.022678113824780632e-01 5.346093527637101050e-02 2.039390349632326524e-09 9.725624104997770969e-01
6.647726637319719600e+01 2.129660613841016445e-02 1.022678113824780632e-01 5.346093527637101050e-02 2.039390349632326524e-09 9.725624104997770969e-01
6.647726637319719600e+01 2.129660613841016445e-02 1.022678113824780632e-01 5.346093527637101050e-02 2.039390349632326524e-09 9.725624104997770969e-01
6.751590335110130070e+01 2.174696232067818008e-02 1.021590006360138109e-01 5.816362622686033906e-02 2.061282954360681794e-09 9.775088729158371015e-01
6.791859167786350326e+01 2.199093887527974606e-02 1.025580565066671196e-01 4.968205163775017696e-02 2.028554955091412389e-09 9.757604083535528217e-01
6.791859167786350326e+01 2.199093887527974606e-02 1.025580565066671196e-01 4.968205163775017696e-02 2.028554955091412389e-09 9.757604083535528217e-01
6.858909406806559161e+01 2.179038626187369473e-02 1.020219591052894115e-01 5.256163912609015942e-02 2.040877816111809712e-09 9.768543703972569769e-01
6.858909406806559161e+01 2.179038626187369473e-02 1.020219591052894115e-01 5.256163912609015942e-02 2.040877816111809712e-09 9.768543703972569769e-01
6.858909406806559161e+01 2.179038626187369473e-02 1.020219591052894115e-01 5.256163912609015942e-02 2.040877816111809712e-09 9.768543703972569769e-01
6.858909406806559161e+01 2.179038626187369473e-02 1.020219591052894115e-01 5.256163912609015942e-02 2.040877816111809712e-09 9.768543703972569769e-01
7.053773538804296095e+01 2.168793111132087670e-02 9.676235743447340887e-02 4.794090777358341743e-02 1.977580345035701835e-09 9.819867246775247915e-01
7.053773538804296095e+01 2.168793111132087670e-02 9.676235743447340887e-02 4.794090777358341743e-02 1.977580345035701835e-09 9.819867246775247915e-01
7.053773538804296095e+01 2.168793111132087670e-02 9.676235743447340887e-02 4.794090777358341743e-02 1.977580345035701835e-09 9.819867246775247915e-01
7.053773538804296095e+01 2.168793111132087670e-02 9.676235743447340887e-02 4.794090777358341743e-02 1.977580345035701835e-09 9.819867246775247915e-01
7.053773538804296095e+01 2.168793111132087670e-02 9.676235743447340887e-02 4.794090777358341743e-02 1.977580345035701835e-09 9.819867246775247915e-01
7.053773538804296095e+01 2.168793111132087670e-02 9.676235743447340887e-02 4.794090777358341743e-02 1.977580345035701835e-09 9.819867246775247915e-01
7.011014180625427628e+01 2.176756267983482804e-02 9.772480701282809656e-02 5.529922882109448296e-02 2.014601230892086529e-09 9.812854849825174419e-01
7.015339542959694086e+01 2.205739146717142218e-02 9.780128634867027437e-02 5.385009354898329104e-02 2.010088300869195090e-09 9.837495137023434255e-01
6.948033113385213255e+01 2.178845134912292536e-02 9.779927506997658504e-02 5.835334016356334697e-02 2.017745832093442571e-09 9.767558204001983713e-01
7.086752725590382340e+01 2.174135624549975235e-02 9.584979743007189523e-02 5.850012716358113374e-02 2.000545800943949966e-09 9.750586973272860059e-01
7.086752725590382340e+01 2.174135624549975235e-02 9.584979743007189523e-02 5.850012716358113374e-02 2.000545800943949966e-09 9.750586973272860059e-01
6.903173849380330296e+01 2.185782409608407958e-02 1.009107427962080555e-01 5.084914288457637738e-02 2.010506599941088683e-09 9.698853262317238544e-01
7.003361383669486884e+01 2.138419103215144501e-02 9.647661673377698477e-02 4.823275576786485719e-02 1.950586451264602083e-09 9.645277358771773279e-01
7.008762017290553104e+01 2.165669419583395039e-02 9.774632212907112538e-02 5.579167485541649402e-02 1.992544712446167375e-09 9.669533599333945961e-01
7.008762017290553104e+01 2.165669419583395039e-02 9.774632212907112538e-02 5.579167485541649402e-02 1.992544712446167375e-09 9.669533599333945961e-01
7.008762017290553104e+01 2.165669419583395039e-02 9.774632212907112538e-02 5.579167485541649402e-02 1.992544712446167375e-09 9.669533599333945961e-01
7.008762017290553104e+01 2.165669419583395039e-02 9.774632212907112538e-02 5.579167485541649402e-02 1.992544712446167375e-09 9.669533599333945961e-01
7.074007884502914578e+01 2.187102182647437248e-02 9.766351121539182389e-02 5.908004182481946948e-02 2.004155625156689190e-09 9.716387432686662828e-01
7.133977252637440358e+01 2.199181105473384593e-02 9.711839113744423491e-02 4.869278196368434508e-02 1.962148374758818733e-09 9.731051371904847480e-01
7.133977252637440358e+01 2.199181105473384593e-02 9.711839113744423491e-02 4.869278196368434508e-02 1.962148374758818733e-09 9.731051371904847480e-01
7.388570713042638261e+01 2.249751738766707712e-02 9.440484272946073063e-02 5.362754771580977020e-02 1.967779538874041358e-09 9.815264486020277568e-01
7.365712906110158542e+01 2.250000918900418173e-02 9.413666964744150933e-02 5.706572905384503513e-02 1.976052928757688084e-09 9.823364227491812040e-01
7.306274430609019532e+01 2.225973694743569112e-02 9.504225324147136389e-02 5.479836702014713457e-02 1.972317460264001647e-09 9.769692040913705577e-01
7.144785250598967252e+01 2.241539333547874768e-02 9.990805150430696890e-02 5.301073680403786681e-02 2.007115058661118750e-09 9.760484352644051009e-01
6.888604536146556256e+01 2.265650854285069724e-02 1.069571684674040651e-01 5.189523979413210308e-02 2.059313505306641432e-09 9.744308064281416160e-01
6.922362106704285623e+01 2.212982158862872306e-02 1.038998811621701240e-01 4.825337226935345891e-02 2.006268186430908330e-09 9.660997608173613749e-01
6.911825547804109249e+01 2.241349418377286754e-02 1.054239170697397476e-01 6.073128779727528931e-02 2.078220281775412378e-09 9.734600597802564037e-01
6.911825547804109249e+01 2.241349418377286754e-02 1.054239170697397476e-01 6.073128779727528931e-02 2.078220281775412378e-09 9.734600597802564037e-01
6.911825547804109249e+01 2.241349418377286754e-02 1.054239170697397476e-01 6.073128779727528931e-02 2.078220281775412378e-09 9.734600597802564037e-01
6.911825547804109249e+01 2.241349418377286754e-02 1.054239170697397476e-01 6.073128779727528931e-02 2.078220281775412378e-09 9.734600597802564037e-01
6.911825547804109249e+01 2.241349418377286754e-02 1.054239170697397476e-01 6.073128779727528931e-02 2.078220281775412378e-09 9.734600597802564037e-01
7.092841165127471470e+01 2.283280703387527422e-02 1.025322883244462191e-01 5.879339983965418265e-02 2.054883457226637474e-09 9.881937420206905465e-01
7.092841165127471470e+01 2.283280703387527422e-02 1.025322883244462191e-01 5.879339983965418265e-02 2.054883457226637474e-09 9.881937420206905465e-01
7.092841165127471470e+01 2.283280703387527422e-02 1.025322883244462191e-01 5.879339983965418265e-02 2.054883457226637474e-09 9.881937420206905465e-01
7.223732305246947760e+01 2.296746486944883925e-02 1.003539942244118383e-01 4.983730191393526132e-02 2.005418000578083931e-09 9.980067127685139372e-01
7.223732305246947760e+01 2.296746486944883925e-02 1.003539942244118383e-01 4.983730191393526132e-02 2.005418000578083931e-09 9.980067127685139372e-01
7.169719736661234322e+01 2.289639551418306412e-02 1.015083523333284027e-01 5.739695720075445318e-02 2.041406347676470711e-09 9.935847604250779286e-01
7.392863011049092847e+01 2.317874317229023928e-02 9.742007726277900070e-02 5.391331129561053453e-02 1.994460266962963285e-09 9.983341379360113343e-01
7.392863011049092847e+01 2.317874317229023928e-02 9.742007726277900070e-02 5.391331129561053453e-02 1.994460266962963285e-09 9.983341379360113343e-01
7.392863011049092847e+01 2.317874317229023928e-02 9.742007726277900070e-02 5.391331129561053453e-02 1.994460266962963285e-09 9.983341379360113343e-01
7.392863011049092847e+01 2.317874317229023928e-02 9.742007726277900070e-02 5.391331129561053453e-02 1.994460266962963285e-09 9.983341379360113343e-01
7.392863011049092847e+01 2.317874317229023928e-02 9.742007726277900070e-02 5.391331129561053453e-02 1.994460266962963285e-09 9.983341379360113343e-01
7.392863011049092847e+01 2.317874317229023928e-02 9.742007726277900070e-02 5.391331129561053453e-02 1.994460266962963285e-09 9.983341379360113343e-01
7.393538358662604537e+01 2.325256250238468686e-02 9.775181532143460694e-02 5.412040415952583394e-02 1.997036473287275471e-09 1.000498268999337359e+00
7.519399091142665270e+01 2.319999271922477263e-02 9.603636665133782890e-02 5.020949835593979671e-02 1.967099330269209729e-09 1.001458436621182946e+00
7.519399091142665270e+01 2.319999271922477263e-02 9.603636665133782890e-02 5.020949835593979671e-02 1.967099330269209729e-09 1.001458436621182946e+00
7.519399091142665270e+01 2.319999271922477263e-02 9.603636665133782890e-02 5.020949835593979671e-02 1.967099330269209729e-09 1.001458436621182946e+00
7.484736611291593533e+01 2.323265328000417851e-02 9.655996806538430510e-02 4.759187529665570571e-02 1.964712135971687442e-09 1.007405471523416418e+00
7.518280087690173730e+01 2.347841319393905585e-02 9.866649217318748666e-02 5.779119063344849427e-02 2.039322232363646838e-09 1.017583351269656378e+00
7.518280087690173730e+01 2.347841319393905585e-02 9.866649217318748666e-02 5.779119063344849427e-02 2.039322232363646838e-09 1.017583351269656378e+00
7.518280087690173730e+01 2.347841319393905585e-02 9.866649217318748666e-02 5.779119063344849427e-02 2.039322232363646838e-09 1.017583351269656378e+00
7.518280087690173730e+01 2.347841319393905585e-02 9.866649217318748666e-02 5.779119063344849427e-02 2.039322232363646838e-09 1.017583351269656378e+00
7.518280087690173730e+01 2.347841319393905585e-02 9.866649217318748666e-02 5.779119063344849427e-02 2.039322232363646838e-09 1.017583351269656378e+00
7.518280087690173730e+01 2.347841319393905585e-02 9.866649217318748666e-02 5.779119063344849427e-02 2.039322232363646838e-09 1.017583351269656378e+00
7.518280087690173730e+01 2.347841319393905585e-02 9.866649217318748666e-02 5.779119063344849427e-02 2.039322232363646838e-09 1.017583351269656378e+00
7.618990002984270404e+01 2.377035804411170919e-02 9.628934207744084539e-02 6.005068616366118772e-02 2.029088024081938151e-09 1.024810036373757116e+00
7.718117631732484085e+01 2.393259876257108898e-02 9.467954681002126172e-02 5.922548253020515352e-02 2.008675663241590785e-09 1.025837549522294889e+00
7.718117631732484085e+01 2.393259876257108898e-02 9.467954681002126172e-02 5.922548253020515352e-02 2.008675663241590785e-09 1.025837549522294889e+00
7.588626111832772381e+01 2.381712912518951786e-02 9.708737685782797833e-02 5.631587377176187903e-02 2.008167615297083911e-09 1.018570944895304864e+00
7.500802547634773987e+01 2.383174725242552874e-02 9.910407162501994049e-02 6.046725826114058427e-02 2.042508036558761734e-09 1.014819938176843239e+00
7.500802547634773987e+01 2.383174725242552874e-02 9.910407162501994049e-02 6.046725826114058427e-02 2.042508036558761734e-09 1.014819938176843239e+00
7.508997919095334339e+01 2.396247663551498083e-02 9.982937631249962085e-02 5.351289898955209623e-02 2.023427260138068135e-09 1.013800806048448244e+00
7.433995920144475633e+01 2.366170406443353358e-02 1.002728395600236549e-01 5.795081971593533249e-02 2.035122874057340823e-09 1.004199282631600187e+00
7.390309108261136828e+01 2.347439423097914118e-02 1.008765563586231373e-01 5.819657948286720978e-02 2.041563112021900452e-09 1.006179543753985994e+00
7.390309108261136828e+01 2.347439423097914118e-02 1.008765563586231373e-01 5.819657948286720978e-02 2.041563112021900452e-09 1.006179543753985994e+00
7.314444164786951319e+01 2.320822808058450176e-02 1.018134968834002035e-01 5.532258989735978211e-02 2.029293737467121516e-09 1.001721392355339413e+00
7.314444164786951319e+01 2.320822808058450176e-02 1.018134968834002035e-01 5.532258989735978211e-02 2.029293737467121516e-09 1.001721392355339413e+00
7.376437184531138769e+01 2.303036130497184905e-02 9.868957608604120302e-02 5.246931882915992218e-02 1.978113663148983198e-09 1.000093289058312740e+00
7.376437184531138769e+01 2.303036130497184905e-02 9.868957608604120302e-02 5.246931882915992218e-02 1.978113663148983198e-09 1.000093289058312740e+00
7.376437184531138769e+01 2.303036130497184905e-02 9.868957608604120302e-02 5.246931882915992218e-02 1.978113663148983198e-09 1.000093289058312740e+00
7.359534626779439748e+01 2.256576898722336896e-02 9.773539293772473546e-02 5.500448284557138412e-02 1.972803645658891187e-09 9.946254459799431791e-01
7.530853011180451517e+01 2.281872042361423464e-02 9.519927584285270417e-02 4.965256496451040530e-02 1.938614903472323989e-09 1.003924758638681247e+00
7.530853011180451517e+01 2.281872042361423464e-02 9.519927584285270417e-02 4.965256496451040530e-02 1.938614903472323989e-09 1.003924758638681247e+00
7.562793436128171720e+01 2.287792521391753334e-02 9.480130910167407221e-02 4.989962692240248326e-02 1.939677659532460545e-09 1.007486569256695441e+00
7.601077892148161652e+01 2.288761316137198978e-02 9.417074148678278300e-02 5.464339026414452571e-02 1.948083548689216155e-09 1.003972862384922671e+00
7.601077892148161652e+01 2.288761316137198978e-02 9.417074148678278300e-02 5.464339026414452571e-02 1.948083548689216155e-09 1.003972862384922671e+00
7.601077892148161652e+01 2.288761316137198978e-02 9.417074148678278300e-02 5.464339026414452571e-02 1.948083548689216155e-09 1.003972862384922671e+00
7.684101796284834052e+01 2.303567744358637689e-02 9.318829069075898475e-02 5.485666405123258010e-02 1.940169414972705843e-09 1.001820614466685022e+00
7.684101796284834052e+01 2.303567744358637689e-02 9.318829069075898475e-02 5.485666405123258010e-02 1.940169414972705843e-09 1.001820614466685022e+00
7.684101796284834052e+01 2.303567744358637689e-02 9.318829069075898475e-02 5.485666405123258010e-02 1.940169414972705843e-09 1.001820614466685022e+00
7.895288319962307355e+01 2.342011144714385706e-02 9.048923535048736255e-02 4.913492799535019301e-02 1.900593908197662155e-09 1.009345949858681202e+00
7.895288319962307355e+01 2.342011144714385706e-02 9.048923535048736255e-02 4.913492799535019301e-02 1.900593908197662155e-09 1.009345949858681202e+00
7.780190718886566970e+01 2.302279728996489694e-02 9.246354566700866473e-02 4.892328493246589360e-02 1.904220913142739548e-09 9.979059612227683118e-01
7.780190718886566970e+01 2.302279728996489694e-02 9.246354566700866473e-02 4.892328493246589360e-02 1.904220913142739548e-09 9.979059612227683118e-01
7.743176649677309342e+01 2.277544559083555589e-02 9.343548351647695815e-02 5.003949851586057818e-02 1.910128097735244534e-09 9.916218089490922427e-01
7.743176649677309342e+01 2.277544559083555589e-02 9.343548351647695815e-02 5.003949851586057818e-02 1.910128097735244534e-09 9.916218089490922427e-01
7.743176649677309342e+01 2.277544559083555589e-02 9.343548351647695815e-02 5.003949851586057818e-02 1.910128097735244534e-09 9.916218089490922427e-01
7.743176649677309342e+01 2.277544559083555589e-02 9.343548351647695815e-02 5.003949851586057818e-02 1.910128097735244534e-09 9.916218089490922427e-01
7.723760014592573953e+01 2.259543596171543003e-02 9.443074543771132201e-02 4.995529548112564999e-02 1.915984167678871645e-09 9.883107873001863997e-01
7.723760014592573953e+01 2.259543596171543003e-02 9.443074543771132201e-02 4.995529548112564999e-02 1.915984167678871645e-09 9.883107873001863997e-01
7.723760014592573953e+01 2.259543596171543003e-02 9.443074543771132201e-02 4.995529548112564999e-02 1.915984167678871645e-09 9.883107873001863997e-01
7.670306247600792915e+01 2.288871853216904728e-02 9.652199413497020153e-02 5.135443243708130018e-02 1.936199518002643707e-09 9.877019686512782393e-01
7.492706730512971092e+01 2.268005553096970675e-02 1.000935758615681959e-01 5.401100874916539563e-02 1.964495420235565588e-09 9.799524584604842881e-01
7.492706730512971092e+01 2.268005553096970675e-02 1.000935758615681959e-01 5.401100874916539563e-02 1.964495420235565588e-09 9.799524584604842881e-01
7.412349227415606379e+01 2.321198070258498683e-02 1.043104887900196814e-01 5.381434263673296609e-02 2.015378583195672095e-09 9.894032768656041421e-01
7.407177075914157172e+01 2.340197687920068589e-02 1.040261161072085910e-01 5.440419478656904895e-02 2.016101929957771408e-09 9.927815365900388711e-01
7.407177075914157172e+01 2.340197687920068589e-02 1.040261161072085910e-01 5.440419478656904895e-02 2.016101929957771408e-09 9.927815365900388711e-01
7.407177075914157172e+01 2.340197687920068589e-02 1.040261161072085910e-01 5.440419478656904895e-02 2.016101929957771408e-09 9.927815365900388711e-01
7.409306554548196289e+01 2.350416595432557737e-02 1.039352512898303049e-01 5.574400444729083609e-02 2.024484276717632416e-09 9.968749510903121003e-01
7.174937446293634480e+01 2.300755413474796576e-02 1.083280169130017845e-01 5.708521198663592949e-02 2.056460304571292310e-09 9.854169391352840535e-01
7.174937446293634480e+01 2.300755413474796576e-02 1.083280169130017845e-01 5.708521198663592949e-02 2.056460304571292310e-09 9.854169391352840535e-01
7.174937446293634480e+01 2.300755413474796576e-02 1.083280169130017845e-01 5.708521198663592949e-02 2.056460304571292310e-09 9.854169391352840535e-01
7.275295345102635736e+01 2.314007954333903092e-02 1.069247386206849254e-01 4.824792767667296367e-02 2.015339137950302366e-09 9.909640598630455877e-01
7.257389686397029038e+01 2.334213986471486701e-02 1.061026598782885688e-01 6.090747186976049055e-02 2.058342397993612717e-09 9.970557051869254339e-01
7.135010154165546226e+01 2.326447684525774842e-02 1.080894669376465111e-01 6.049201751569913132e-02 2.072026440827115877e-09 9.991686933438927998e-01
7.135010154165546226e+01 2.326447684525774842e-02 1.080894669376465111e-01 6.049201751569913132e-02 2.072026440827115877e-09 9.991686933438927998e-01
6.967707373853698982e+01 2.303606771793302241e-02 1.115869484256741678e-01 5.786014820225541394e-02 2.086007273055052166e-09 9.919537498694993571e-01
6.967707373853698982e+01 2.303606771793302241e-02 1.115869484256741678e-01 5.786014820225541394e-02 2.086007273055052166e-09 9.919537498694993571e-01
6.864709089212180970e+01 2.298828883598475273e-02 1.145490429063137916e-01 5.248590876577298447e-02 2.088283473692763900e-09 9.904706609712263798e-01
6.768481755516535259e+01 2.257242203115198548e-02 1.162539237100883582e-01 5.397066194620012830e-02 2.094840359822355236e-09 9.755905974855315632e-01
6.877833859277041029e+01 2.268791912390847459e-02 1.134576367326892987e-01 5.566659502467150716e-02 2.086382296591204717e-09 9.822505427351615470e-01
6.725565782685255556e+01 2.266822733594908365e-02 1.169607567153593403e-01 6.022687501808822452e-02 2.120151027731538856e-09 9.777164248763634546e-01
6.725565782685255556e+01 2.266822733594908365e-02 1.169607567153593403e-01 6.022687501808822452e-02 2.120151027731538856e-09 9.777164248763634546e-01
6.725565782685255556e+01 2.266822733594908365e-02 1.169607567153593403e-01 6.022687501808822452e-02 2.120151027731538856e-09 9.777164248763634546e-01
6.725565782685255556e+01 2.266822733594908365e-02 1.169607567153593403e-01 6.022687501808822452e-02 2.120151027731538856e-09 9.777164248763634546e-01
6.725565782685255556e+01 2.266822733594908365e-02 1.169607567153593403e-01 6.022687501808822452e-02 2.120151027731538856e-09 9.777164248763634546e-01
6.695589339618491920e+01 2.234883494988802385e-02 1.163553925670323813e-01 4.974953025043477028e-02 2.062470327141740502e-09 9.691679702890945158e-01
6.695589339618491920e+01 2.234883494988802385e-02 1.163553925670323813e-01 4.974953025043477028e-02 2.062470327141740502e-09 9.691679702890945158e-01
6.738056298159341395e+01 2.230502813567908360e-02 1.164133810293136034e-01 4.970409466451667507e-02 2.064745605013430615e-09 9.744319075156268051e-01
6.948039232306973645e+01 2.254322415093340873e-02 1.134401537190046633e-01 5.209485784081754195e-02 2.052467816259234348e-09 9.814174938010388205e-01
7.202735661218702035e+01 2.288330271840778238e-02 1.089418303105436636e-01 5.686560106357011618e-02 2.043811580999674451e-09 9.874077036729417278e-01
7.282435517017698601e+01 2.322843519060397571e-02 1.092782489895459952e-01 5.472409620949444942e-02 2.048065496753023433e-09 9.903246785130259688e-01
7.275955710969076051e+01 2.344689972408620440e-02 1.098575658140318184e-01 5.805358095489790426e-02 2.070644830427407537e-09 9.905512127150184476e-01
7.346785107935241399e+01 2.358698488617832351e-02 1.083704440294974286e-01 5.522095586640117515e-02 2.054734296980932339e-09 9.977077889875147765e-01
7.544391905845213842e+01 2.351683004576805153e-02 1.041974983561239770e-01 5.557552587430575342e-02 2.029621722273361237e-09 1.002648397722687656e+00
7.345602660892706126e+01 2.327185453522195510e-02 1.080670132189280180e-01 5.495340484311805190e-02 2.042912298461421147e-09 9.906629709800165440e-01
7.376462694267216591e+01 2.313125195500220430e-02 1.057039257638553859e-01 5.669992340054719193e-02 2.026259796576485901e-09 9.908323366868871940e-01
7.415601780849803504e+01 2.326051179327312882e-02 1.051193932632741579e-01 5.015535899827505695e-02 1.998364951018566259e-09 9.894924389622039573e-01
7.415601780849803504e+01 2.326051179327312882e-02 1.051193932632741579e-01 5.015535899827505695e-02 1.998364951018566259e-09 9.894924389622039573e-01
7.415601780849803504e+01 2.326051179327312882e-02 1.051193932632741579e-01 5.015535899827505695e-02 1.998364951018566259e-09 9.894924389622039573e-01
7.613602231076617954e+01 2.333428617903560848e-02 1.009213315601635297e-01 5.171826221765241788e-02 1.975980965891058076e-09 9.966144895606195986e-01
7.540616388990920882e+01 2.326932482814176792e-02 1.027386224292960309e-01 5.885939528829379347e-02 2.018829634893877974e-09 9.936837700014170549e-01
7.471772726489216154e+01 2.283557290909900631e-02 1.028982754785379428e-01 5.028585597277500374e-02 1.975951431411480263e-09 9.857572726593711865e-01
7.523809619698754148e+01 2.308628624423270451e-02 1.030694338424682360e-01 5.823730182836195368e-02 2.014444559157966088e-09 9.920833761282910057e-01
7.523809619698754148e+01 2.308628624423270451e-02 1.030694338424682360e-01 5.823730182836195368e-02 2.014444559157966088e-09 9.920833761282910057e-01
7.401943077910286206e+01 2.312133221124048829e-02 1.056107193107870823e-01 6.156818660314824360e-02 2.044526050950272277e-09 9.900988412755088452e-01
7.574821944065391222e+01 2.335762809627615205e-02 1.028880913494762822e-01 5.036731958416315602e-02 1.981541641984145345e-09 9.973548919760260034e-01
7.574821944065391222e+01 2.335762809627615205e-02 1.028880913494762822e-01 5.036731958416315602e-02 1.981541641984145345e-09 9.973548919760260034e-01
7.517316478387557765e+01 2.325447013884843553e-02 1.041150745736150324e-01 4.786947633019734971e-02 1.974689443748363486e-09 9.913706150417184171e-01
7.520786942630998340e+01 2.305711105220101947e-02 1.042356004207045383e-01 5.082033090551342502e-02 1.982770655985789901e-09 9.839187301993230772e-01
7.376000795107016472e+01 2.323220630449244692e-02 1.093255612870354526e-01 5.345565473206124324e-02 2.039225896381963425e-09 9.856186891095538583e-01
7.272702304743449986e+01 2.343889499986698266e-02 1.125962586446307839e-01 5.851697925460427191e-02 2.093880744278519546e-09 9.869390450268340498e-01
7.272702304743449986e+01 2.343889499986698266e-02 1.125962586446307839e-01 5.851697925460427191e-02 2.093880744278519546e-09 9.869390450268340498e-01
7.272702304743449986e+01 2.343889499986698266e-02 1.125962586446307839e-01 5.851697925460427191e-02 2.093880744278519546e-09 9.869390450268340498e-01
7.272702304743449986e+01 2.343889499986698266e-02 1.125962586446307839e-01 5.851697925460427191e-02 2.093880744278519546e-09 9.869390450268340498e-01
7.286119771916189336e+01 2.316738127794511909e-02 1.117539139370600648e-01 5.011048645768279020e-02 2.046339294420914480e-09 9.832135181632543075e-01
7.286119771916189336e+01 2.316738127794511909e-02 1.117539139370600648e-01 5.011048645768279020e-02 2.046339294420914480e-09 9.832135181632543075e-01
7.131732641798180339e+01 2.302330879088322971e-02 1.153537509004137068e-01 5.871381047556523125e-02 2.111236653939680941e-09 9.777975289290714578e-01
7.131732641798180339e+01 2.302330879088322971e-02 1.153537509004137068e-01 5.871381047556523125e-02 2.111236653939680941e-09 9.777975289290714578e-01
7.131732641798180339e+01 2.302330879088322971e-02 1.153537509004137068e-01 5.871381047556523125e-02 2.111236653939680941e-09 9.777975289290714578e-01
7.131732641798180339e+01 2.302330879088322971e-02 1.153537509004137068e-01 5.871381047556523125e-02 2.111236653939680941e-09 9.777975289290714578e-01
7.131732641798180339e+01 2.302330879088322971e-02 1.153537509004137068e-01 5.871381047556523125e-02 2.111236653939680941e-09 9.777975289290714578e-01
7.131732641798180339e+01 2.302330879088322971e-02 1.153537509004137068e-01 5.871381047556523125e-02 2.111236653939680941e-09 9.777975289290714578e-01
7.067117020670092131e+01 2.297204884321987425e-02 1.172805044757279924e-01 5.780370610570649548e-02 2.122714099305780469e-09 9.732291017248437814e-01
7.142831397879301392e+01 2.283429778620743242e-02 1.146157527363643042e-01 5.534519734802124252e-02 2.082277845605988159e-09 9.699003148655969131e-01
7.044041860502100860e+01 2.263971063708593648e-02 1.171281461217452829e-01 4.831844031247172627e-02 2.069140172103389897e-09 9.626207081536050092e-01
7.044041860502100860e+01 2.263971063708593648e-02 1.171281461217452829e-01 4.831844031247172627e-02 2.069140172103389897e-09 9.626207081536050092e-01
7.184882122722325448e+01 2.317026131610314121e-02 1.146813288717755397e-01 6.122890852175997406e-02 2.101613852680069870e-09 9.742080900592423598e-01
7.065558957472865131e+01 2.281871896718954199e-02 1.161491814437634190e-01 5.054677786788097649e-02 2.056377568370446353e-09 9.662203377563592932e-01
7.034491546362856695e+01 2.271411376895657308e-02 1.164540108773870764e-01 5.087740911055997628e-02 2.059135057014226958e-09 9.674519310856739551e-01
6.984427698553197672e+01 2.230858658098883174e-02 1.159827275570549238e-01 5.875650244258249361e-02 2.081616481143116590e-09 9.636179664907078557e-01
6.975267678168717111e+01 2.226755814245058585e-02 1.155879478132948585e-01 5.598478058350655345e-02 2.070095737760585263e-09 9.664693645267814492e-01
6.999404429519107396e+01 2.217627532694637499e-02 1.148133361719677614e-01 5.110113232161880847e-02 2.047392188764230147e-09 9.693180246842857395e-01
7.024441156192408187e+01 2.253376000778239269e-02 1.144717249895379069e-01 5.075951508401418261e-02 2.055044002118144853e-09 9.804650184134257040e-01
7.024441156192408187e+01 2.253376000778239269e-02 1.144717249895379069e-01 5.075951508401418261e-02 2.055044002118144853e-09 9.804650184134257040e-01
6.942504274112098983e+01 2.239001136951490264e-02 1.170829359557503113e-01 5.938170901058092283e-02 2.107019036105652177e-09 9.727538190990780986e-01
7.024281628000085220e+01 2.293593742871770369e-02 1.172751569254868176e-01 5.217771511164705917e-02 2.090128232804742678e-09 9.828169576416035946e-01
6.851157394161563730e+01 2.304833474193264398e-02 1.222406259593727396e-01 5.858309060497089021e-02 2.152578433693338957e-09 9.771540569933602205e-01
6.868879213609730527e+01 2.312869589477511284e-02 1.215132811733716511e-01 5.040055186878104887e-02 2.114215112144085749e-09 9.759122203581668265e-01
6.868879213609730527e+01 2.312869589477511284e-02 1.215132811733716511e-01 5.040055186878104887e-02 2.114215112144085749e-09 9.759122203581668265e-01
6.899970664924016717e+01 2.329231740920448268e-02 1.208551958071639731e-01 5.655049333291502917e-02 2.135081995004255770e-09 9.801178922047923958e-01
6.987773071651703560e+01 2.356445793351912010e-02 1.204901054966555363e-01 4.811910526387143394e-02 2.102921185997338507e-09 9.830668496602171791e-01
6.908385309091637794e+01 2.336741564781406183e-02 1.211035885169273185e-01 5.402522096204528945e-02 2.130702659781833961e-09 9.825994886463488287e-01
6.908385309091637794e+01 2.336741564781406183e-02 1.211035885169273185e-01 5.402522096204528945e-02 2.130702659781833961e-09 9.825994886463488287e-01
6.908385309091637794e+01 2.336741564781406183e-02 1.211035885169273185e-01 5.402522096204528945e-02 2.130702659781833961e-09 9.825994886463488287e-01
6.908385309091637794e+01 2.336741564781406183e-02 1.211035885169273185e-01 5.402522096204528945e-02 2.130702659781833961e-09 9.825994886463488287e-01
6.908385309091637794e+01 2.336741564781406183e-02 1.211035885169273185e-01 5.402522096204528945e-02 2.130702659781833961e-09 9.825994886463488287e-01
6.908385309091637794e+01 2.336741564781406183e-02 1.211035885169273185e-01 5.402522096204528945e-02 2.130702659781833961e-09 9.825994886463488287e-01
6.908385309091637794e+01 2.336741564781406183e-02 1.211035885169273185e-01 5.402522096204528945e-02 2.130702659781833961e-09 9.825994886463488287e-01
6.816354521867762628e+01 2.306494311242592715e-02 1.210552964980723123e-01 4.864454346603393209e-02 2.094694506466362138e-09 9.736578297295724882e-01
6.970687797496427152e+01 2.271964441254666761e-02 1.174015795484621705e-01 4.808641811356384466e-02 2.059943684314935219e-09 9.705840932439928626e-01
7.041458258093032896e+01 2.272630155579984795e-02 1.165067107842927691e-01 4.793012509944029331e-02 2.050910127569791196e-09 9.717566017538510348e-01
7.041458258093032896e+01 2.272630155579984795e-02 1.165067107842927691e-01 4.793012509944029331e-02 2.050910127569791196e-09 9.717566017538510348e-01
7.031135804280562240e+01 2.257019456388999895e-02 1.157723106845562067e-01 4.922809021686448683e-02 2.046003786960711674e-09 9.704853738596811441e-01
7.118151479903478673e+01 2.273455889082484985e-02 1.154309476791234440e-01 4.848153369882243074e-02 2.049063919691361587e-09 9.752093149518927806e-01
7.118151479903478673e+01 2.273455889082484985e-02 1.154309476791234440e-01 4.848153369882243074e-02 2.049063919691361587e-09 9.752093149518927806e-01
7.083067083623505766e+01 2.332392961772445511e-02 1.173796967518224849e-01 6.025250467851712977e-02 2.121341612653873310e-09 9.862927914590692291e-01
7.083067083623505766e+01 2.332392961772445511e-02 1.173796967518224849e-01 6.025250467851712977e-02 2.121341612653873310e-09 9.862927914590692291e-01
7.112836385686925667e+01 2.327474154447606303e-02 1.157121829389211598e-01 5.408898472238087007e-02 2.079610573541517827e-09 9.829184085705746643e-01
7.127460112371291245e+01 2.314804093089293385e-02 1.156255415122077190e-01 5.698154689879739165e-02 2.091690146891294669e-09 9.812720010407849358e-01
7.239238657688207468e+01 2.326521180249139370e-02 1.137667697808590617e-01 5.679420549595884382e-02 2.081917729164177628e-09 9.859074596189052464e-01
7.239238657688207468e+01 2.326521180249139370e-02 1.137667697808590617e-01 5.679420549595884382e-02 2.081917729164177628e-09 9.859074596189052464e-01
7.239238657688207468e+01 2.326521180249139370e-02 1.137667697808590617e-01 5.679420549595884382e-02 2.081917729164177628e-09 9.859074596189052464e-01
7.259789112522803123e+01 2.319689945813733362e-02 1.139706756288861450e-01 5.972739407242967646e-02 2.103092820016950350e-09 9.834598616071600352e-01
7.259789112522803123e+01 2.319689945813733362e-02 1.139706756288861450e-01 5.972739407242967646e-02 2.103092820016950350e-09 9.834598616071600352e-01
7.259789112522803123e+01 2.319689945813733362e-02 1.139706756288861450e-01 5.972739407242967646e-02 2.103092820016950350e-09 9.834598616071600352e-01
7.263100992793009425e+01 2.318155630033678916e-02 1.135629199072897000e-01 5.041131536846964190e-02 2.061069799038538750e-09 9.842835620419302378e-01
6.972612909092804045e+01 2.264631250476568589e-02 1.172477091170411323e-01 4.918767904667482871e-02 2.065781111181015864e-09 9.691183019780713614e-01
6.858313121493596043e+01 2.224114178336715486e-02 1.185726639017721934e-01 4.787929223400693574e-02 2.063859238392037683e-09 9.607387141084441362e-01
6.762154876900389411e+01 2.198932334434042929e-02 1.186653766413441613e-01 5.915383110356497998e-02 2.104018201801523878e-09 9.547834442750046113e-01
6.762154876900389411e+01 2.198932334434042929e-02 1.186653766413441613e-01 5.915383110356497998e-02 2.104018201801523878e-09 9.547834442750046113e-01
6.795964667466513731e+01 2.187607904972674669e-02 1.167417121617162906e-01 4.740313976411348468e-02 2.028362388083920391e-09 9.506149928401679272e-01
6.760324146090928821e+01 2.174280351714365234e-02 1.169390287716875199e-01 5.056464626060437617e-02 2.041090936603421539e-09 9.469830434753266912e-01
6.760324146090928821e+01 2.174280351714365234e-02 1.169390287716875199e-01 5.056464626060437617e-02 2.041090936603421539e-09 9.469830434753266912e-01
6.760324146090928821e+01 2.174280351714365234e-02 1.169390287716875199e-01 5.056464626060437617e-02 2.041090936603421539e-09 9.469830434753266912e-01
6.722139447872194751e+01 2.186086340572294603e-02 1.182560826838587181e-01 6.106201424373743081e-02 2.101502816677946274e-09 9.477077349493895353e-01
6.849326628139321826e+01 2.200830857374345279e-02 1.159349591828502668e-01 5.972484344337627982e-02 2.079886406929122865e-09 9.513383548743643559e-01
6.881817255018995638e+01 2.200310621996829155e-02 1.146803116376085840e-01 6.129229487543257082e-02 2.074796354828350000e-09 9.542512685015523966e-01
6.759135503296857905e+01 2.211585995862701964e-02 1.174637655972962241e-01 6.015666293526999303e-02 2.099248760483093353e-09 9.542437742459914940e-01
6.848011005412122643e+01 2.236276674813357859e-02 1.163879930886280167e-01 5.888870885999028526e-02 2.097428889422029138e-09 9.632087186465798645e-01
6.944800699326181359e+01 2.214491397843308673e-02 1.129716979413958322e-01 5.471855940314616223e-02 2.048032361894910493e-09 9.601445341337287998e-01
6.874741079791233744e+01 2.201511917747786193e-02 1.142484984559155176e-01 5.277782668370885333e-02 2.045279197294407553e-09 9.565969239534951596e-01
6.874741079791233744e+01 2.201511917747786193e-02 1.142484984559155176e-01 5.277782668370885333e-02 2.045279197294407553e-09 9.565969239534951596e-01
6.874741079791233744e+01 2.201511917747786193e-02 1.142484984559155176e-01 5.277782668370885333e-02 2.045279197294407553e-09 9.565969239534951596e-01
6.874741079791233744e+01 2.201511917747786193e-02 1.142484984559155176e-01 5.277782668370885333e-02 2.045279197294407553e-09 9.565969239534951596e-01
6.874741079791233744e+01 2.201511917747786193e-02 1.142484984559155176e-01 5.277782668370885333e-02 2.045279197294407553e-09 9.565969239534951596e-01
6.874741079791233744e+01 2.201511917747786193e-02 1.142484984559155176e-01 5.277782668370885333e-02 2.045279197294407553e-09 9.565969239534951596e-01
7.086073862775103294e+01 2.250164090284358098e-02 1.110481843261232199e-01 5.498399834929594554e-02 2.041807212460368685e-09 9.689217526595540475e-01
7.110957547768744291e+01 2.254055241992319880e-02 1.099099463490649659e-01 5.690902236891545729e-02 2.040241998646657859e-09 9.747698234228407976e-01
7.110957547768744291e+01 2.254055241992319880e-02 1.099099463490649659e-01 5.690902236891545729e-02 2.040241998646657859e-09 9.747698234228407976e-01
7.110957547768744291e+01 2.254055241992319880e-02 1.099099463490649659e-01 5.690902236891545729e-02 2.040241998646657859e-09 9.747698234228407976e-01
7.042370779212281207e+01 2.241366321710025825e-02 1.108269787839443882e-01 5.402751488193482943e-02 2.024776528117729177e-09 9.670909140598377141e-01
7.079408024379627307e+01 2.255699519883622162e-02 1.120797114220315194e-01 5.514419782722303209e-02 2.045745802162082408e-09 9.667044733859356809e-01
7.079408024379627307e+01 2.255699519883622162e-02 1.120797114220315194e-01 5.514419782722303209e-02 2.045745802162082408e-09 9.667044733859356809e-01
7.056373058105266693e+01 2.270433685885990538e-02 1.120878296178578482e-01 5.147842446227840485e-02 2.031284334073440685e-09 9.695927044317776966e-01
7.056373058105266693e+01 2.270433685885990538e-02 1.120878296178578482e-01 5.147842446227840485e-02 2.031284334073440685e-09 9.695927044317776966e-01
7.111871704641728797e+01 2.266992217050365840e-02 1.107999713762833766e-01 6.127658409963343544e-02 2.066306743710642093e-09 9.744542158148969957e-01
7.111871704641728797e+01 2.266992217050365840e-02 1.107999713762833766e-01 6.127658409963343544e-02 2.066306743710642093e-09 9.744542158148969957e-01
7.111871704641728797e+01 2.266992217050365840e-02 1.107999713762833766e-01 6.127658409963343544e-02 2.066306743710642093e-09 9.744542158148969957e-01
7.082434104181207601e+01 2.260084257259665705e-02 1.100093623471002230e-01 5.832205174454899166e-02 2.043096135393153522e-09 9.728521456179756166e-01
7.061283422933934162e+01 2.267442532636991179e-02 1.116212126673098437e-01 5.594647497731754238e-02 2.045640880209319472e-09 9.756865720868010960e-01
7.091286352512827307e+01 2.261645262000937240e-02 1.114229820085864409e-01 5.665828894921107195e-02 2.047353859063096565e-09 9.754601601187430360e-01
7.274828074977270376e+01 2.314928053963515031e-02 1.086955387624541358e-01 5.925453979022393680e-02 2.049670844267942631e-09 9.906716653158653685e-01
7.126686015579390698e+01 2.309140443789884853e-02 1.110780863485899272e-01 5.784121442355337483e-02 2.065333170072336323e-09 9.947441971817143624e-01
7.126686015579390698e+01 2.309140443789884853e-02 1.110780863485899272e-01 5.784121442355337483e-02 2.065333170072336323e-09 9.947441971817143624e-01
7.254089542965499504e+01 2.284612263701195356e-02 1.066173760269009396e-01 5.465589123968304236e-02 2.006588259682727327e-09 9.876879778112965802e-01
7.147155552598360373e+01 2.321188825193870944e-02 1.111817699779313190e-01 5.211216868242567191e-02 2.039015139115621211e-09 9.907369687794778113e-01
7.147155552598360373e+01 2.321188825193870944e-02 1.111817699779313190e-01 5.211216868242567191e-02 2.039015139115621211e-09 9.907369687794778113e-01
7.147155552598360373e+01 2.321188825193870944e-02 1.111817699779313190e-01 5.211216868242567191e-02 2.039015139115621211e-09 9.907369687794778113e-01
6.948570508866689011e+01 2.325377329014113870e-02 1.170970980919885246e-01 4.941673277952464416e-02 2.071274908533143019e-09 9.839770442164363917e-01
6.948570508866689011e+01 2.325377329014113870e-02 1.170970980919885246e-01 4.941673277952464416e-02 2.071274908533143019e-09 9.839770442164363917e-01
6.948570508866689011e+01 2.325377329014113870e-02 1.170970980919885246e-01 4.941673277952464416e-02 2.071274908533143019e-09 9.839770442164363917e-01
6.948570508866689011e+01 2.325377329014113870e-02 1.170970980919885246e-01 4.941673277952464416e-02 2.071274908533143019e-09 9.839770442164363917e-01
7.032537727249349757e+01 2.324239490723784690e-02 1.149535752432234159e-01 4.825442811330385440e-02 2.048787886976699760e-09 9.849357765995104819e-01
7.192515912420354596e+01 2.348780051372760871e-02 1.122559179685777564e-01 5.566618674848729936e-02 2.064194974364785691e-09 9.966027919512848721e-01
7.192515912420354596e+01 2.348780051372760871e-02 1.122559179685777564e-01 5.566618674848729936e-02 2.064194974364785691e-09 9.966027919512848721e-01
7.192515912420354596e+01 2.348780051372760871e-02 1.122559179685777564e-01 5.566618674848729936e-02 2.064194974364785691e-09 9.966027919512848721e-01
7.313510752212475552e+01 2.353178787389847634e-02 1.095843645343796691e-01 5.603443577930783404e-02 2.044785052536439335e-09 9.967324134982681327e-01
7.254758727991284672e+01 2.337632929741256457e-02 1.101275876780978685e-01 5.954761679421198550e-02 2.056195350910392665e-09 9.925979488533775985e-01
7.254758727991284672e+01 2.337632929741256457e-02 1.101275876780978685e-01 5.954761679421198550e-02 2.056195350910392665e-09 9.925979488533775985e-01
7.254758727991284672e+01 2.337632929741256457e-02 1.101275876780978685e-01 5.954761679421198550e-02 2.056195350910392665e-09 9.925979488533775985e-01
7.153633175024116042e+01 2.355418294604782331e-02 1.133629154754006718e-01 5.274256228020862691e-02 2.061247092061257731e-09 9.977094125864015561e-01
7.153633175024116042e+01 2.355418294604782331e-02 1.133629154754006718e-01 5.274256228020862691e-02 2.061247092061257731e-09 9.977094125864015561e-01
6.912975524787000836e+01 2.350838949092571087e-02 1.188947594938297853e-01 5.605139273289935081e-02 2.120669767304257145e-09 9.940049051186610196e-01
6.770841773085300019e+01 2.318078450287489739e-02 1.206267393276284766e-01 5.350306642382828687e-02 2.111011073354142258e-09 9.805037172488946240e-01
6.770841773085300019e+01 2.318078450287489739e-02 1.206267393276284766e-01 5.350306642382828687e-02 2.111011073354142258e-09 9.805037172488946240e-01
6.770841773085300019e+01 2.318078450287489739e-02 1.206267393276284766e-01 5.350306642382828687e-02 2.111011073354142258e-09 9.805037172488946240e-01
6.770841773085300019e+01 2.318078450287489739e-02 1.206267393276284766e-01 5.350306642382828687e-02 2.111011073354142258e-09 9.805037172488946240e-01
6.726726960101237296e+01 2.271167085392225560e-02 1.206883298878431293e-01 5.387451703807427661e-02 2.105310114442478031e-09 9.730087059004468575e-01
6.726726960101237296e+01 2.271167085392225560e-02 1.206883298878431293e-01 5.387451703807427661e-02 2.105310114442478031e-09 9.730087059004468575e-01
6.726726960101237296e+01 2.271167085392225560e-02 1.206883298878431293e-01 5.387451703807427661e-02 2.105310114442478031e-09 9.730087059004468575e-01
6.765800285535124203e+01 2.284199314480132859e-02 1.201485949694891531e-01 5.233871930718830834e-02 2.099266377245033956e-09 9.757758831189452531e-01
6.886106628561064724e+01 2.311403444533478152e-02 1.178923844215889610e-01 5.213143344663789813e-02 2.081381705627875320e-09 9.789918189929973646e-01
6.886106628561064724e+01 2.311403444533478152e-02 1.178923844215889610e-01 5.213143344663789813e-02 2.081381705627875320e-09 9.789918189929973646e-01
6.861659102662591181e+01 2.279684649857524614e-02 1.188813805315771938e-01 4.932572387180739898e-02 2.074747211796891761e-09 9.710234248906933763e-01
6.861659102662591181e+01 2.279684649857524614e-02 1.188813805315771938e-01 4.932572387180739898e-02 2.074747211796891761e-09 9.710234248906933763e-01
6.813788934199962455e+01 2.272383442220282657e-02 1.201650350946537049e-01 4.807596282430453422e-02 2.079330043518250884e-09 9.692432019183683245e-01
6.796832233206380636e+01 2.241139932083476005e-02 1.198465202585679151e-01 5.223422659380051042e-02 2.083304857886929665e-09 9.637189481934099744e-01
6.796832233206380636e+01 2.241139932083476005e-02 1.198465202585679151e-01 5.223422659380051042e-02 2.083304857886929665e-09 9.637189481934099744e-01
6.796832233206380636e+01 2.241139932083476005e-02 1.198465202585679151e-01 5.223422659380051042e-02 2.083304857886929665e-09 9.637189481934099744e-01
6.541847385866776676e+01 2.208269687225901737e-02 1.252494933783972475e-01 6.043188642157940743e-02 2.152409781377776292e-09 9.555067936227243930e-01
6.655644385781950234e+01 2.226888416414507868e-02 1.216852542601651876e-01 5.300724202007194019e-02 2.097213032942188891e-09 9.587172450360749165e-01
6.655644385781950234e+01 2.226888416414507868e-02 1.216852542601651876e-01 5.300724202007194019e-02 2.097213032942188891e-09 9.587172450360749165e-01
6.655644385781950234e+01 2.226888416414507868e-02 1.216852542601651876e-01 5.300724202007194019e-02 2.097213032942188891e-09 9.587172450360749165e-01
6.847863789467569973e+01 2.227745299861687289e-02 1.164289078231057761e-01 4.763690404683031815e-02 2.036315763591397764e-09 9.668630907194145641e-01
6.810177436295670361e+01 2.209427382641735577e-02 1.163292759592692571e-01 5.781924736476663773e-02 2.080462569402255448e-09 9.703606452152222506e-01
6.762299771435810669e+01 2.183810929666175210e-02 1.161970665233362510e-01 5.848248065955250624e-02 2.068809066572825086e-09 9.635724742732454384e-01
6.806746802850572919e+01 2.218364668815429874e-02 1.174179400133924245e-01 4.825297701427818525e-02 2.048086477348879666e-09 9.715535544659126277e-01
6.929236177107775063e+01 2.222596105796563817e-02 1.140252851020052971e-01 5.364837645741230704e-02 2.049890135974896171e-09 9.781801921897433916e-01
6.969438317878861255e+01 2.256707828341240896e-02 1.144615929054807052e-01 5.298315038166343666e-02 2.064234392096207947e-09 9.877277025696448165e-01
7.084351906106465435e+01 2.309563916156460311e-02 1.137973258270151000e-01 6.054379157263955341e-02 2.105501278786358675e-09 9.971072599223150812e-01
7.084351906106465435e+01 2.309563916156460311e-02 1.137973258270151000e-01 6.054379157263955341e-02 2.105501278786358675e-09 9.971072599223150812e-01
7.084351906106465435e+01 2.309563916156460311e-02 1.137973258270151000e-01 6.054379157263955341e-02 2.105501278786358675e-09 9.971072599223150812e-01
7.009805852664094061e+01 2.304559748965114008e-02 1.139657384768815729e-01 6.012108589639820339e-02 2.096035294321855373e-09 9.975068500040769059e-01
7.275129088114343290e+01 2.350374182869117631e-02 1.104371202321099976e-01 5.810149485828989407e-02 2.070990864387011321e-09 1.004855869821514869e+00
7.245680539681828236e+01 2.351300614944213871e-02 1.100374464642268624e-01 5.666145959539498067e-02 2.065603537855603779e-09 1.004939107948415788e+00
7.051590952123534350e+01 2.322483398860196793e-02 1.121601130339647256e-01 6.167979567859899898e-02 2.091622059579878209e-09 9.955883878083369165e-01
7.150115222678665816e+01 2.320469581740945003e-02 1.109637760663627210e-01 4.746516604347465751e-02 2.028377257808473656e-09 9.980535692595060571e-01
7.079406199300838409e+01 2.288264095482535343e-02 1.111577335112855502e-01 5.243243669387374212e-02 2.040937575808126340e-09 9.953861671169916825e-01
6.851488463378288429e+01 2.268179329982472278e-02 1.140328535706446600e-01 6.007397873004650252e-02 2.084829415823321511e-09 9.870656812007982950e-01
6.851488463378288429e+01 2.268179329982472278e-02 1.140328535706446600e-01 6.007397873004650252e-02 2.084829415823321511e-09 9.870656812007982950e-01
6.794503743301666532e+01 2.277063569234578227e-02 1.163913028134721112e-01 5.013930189611306293e-02 2.064720829461205626e-09 9.856090136834342319e-01
6.865468417182196958e+01 2.296224171710191386e-02 1.149774969897809779e-01 4.923110947167286255e-02 2.051236362839157203e-09 9.873923907398396427e-01
6.824052877589527100e+01 2.304945534362132925e-02 1.170135187251091224e-01 5.255629324608289410e-02 2.078950255887698946e-09 9.810604804708382698e-01
6.824052877589527100e+01 2.304945534362132925e-02 1.170135187251091224e-01 5.255629324608289410e-02 2.078950255887698946e-09 9.810604804708382698e-01
6.824052877589527100e+01 2.304945534362132925e-02 1.170135187251091224e-01 5.255629324608289410e-02 2.078950255887698946e-09 9.810604804708382698e-01
6.909920827146262923e+01 2.291366049355719053e-02 1.144896034475918756e-01 5.052548207438690292e-02 2.048614952295519617e-09 9.828169152247659968e-01
6.909920827146262923e+01 2.291366049355719053e-02 1.144896034475918756e-01 5.052548207438690292e-02 2.048614952295519617e-09 9.828169152247659968e-01
6.962931266250630813e+01 2.289399234307712763e-02 1.145851850311690595e-01 4.899742080021117496e-02 2.039705046476695582e-09 9.798624172663717991e-01
6.962091572403613782e+01 2.252953303038101804e-02 1.137650445045893383e-01 6.095441380399316961e-02 2.073602632300112887e-09 9.726491645476641468e-01
6.760338471202133803e+01 2.236984603332227775e-02 1.176642741899901895e-01 4.917994839439949334e-02 2.056867419113693175e-09 9.655002381991658611e-01
6.760338471202133803e+01 2.236984603332227775e-02 1.176642741899901895e-01 4.917994839439949334e-02 2.056867419113693175e-09 9.655002381991658611e-01
6.999323005500849604e+01 2.234782690919938364e-02 1.121095020363370443e-01 5.671651712397077216e-02 2.039886897287761541e-09 9.662453295063353487e-01
6.809810977454677072e+01 2.236070019553805174e-02 1.172100180788507306e-01 5.503192442987599187e-02 2.079330007603542723e-09 9.642710590658379877e-01
6.611100368690796358e+01 2.193583648842667780e-02 1.205352849268613719e-01 4.809540073367931518e-02 2.076408088454389285e-09 9.575840671490190026e-01
6.931004431802976740e+01 2.237727107758731918e-02 1.142963684692735460e-01 5.848689924613027086e-02 2.086737585459426936e-09 9.764973445067420821e-01
6.786158153999689091e+01 2.243340443057467368e-02 1.184716891901663738e-01 4.856896161413803981e-02 2.079073727071857774e-09 9.639564317612921984e-01
6.683915990574315913e+01 2.267681252110993750e-02 1.205511378551880064e-01 5.129705008997748755e-02 2.106311619893741741e-09 9.663706874849808948e-01
6.690091142541447766e+01 2.272183569293132616e-02 1.198262937908590037e-01 5.017128459436853705e-02 2.093598707736002249e-09 9.632152165477336769e-01
6.690091142541447766e+01 2.272183569293132616e-02 1.198262937908590037e-01 5.017128459436853705e-02 2.093598707736002249e-09 9.632152165477336769e-01
6.690091142541447766e+01 2.272183569293132616e-02 1.198262937908590037e-01 5.017128459436853705e-02 2.093598707736002249e-09 9.632152165477336769e-01
6.771509066071915584e+01 2.252388864825275241e-02 1.170364144182978322e-01 5.969407326405892084e-02 2.099886709514783193e-09 9.572248635701702257e-01
6.771509066071915584e+01 2.252388864825275241e-02 1.170364144182978322e-01 5.969407326405892084e-02 2.099886709514783193e-09 9.572248635701702257e-01
6.771509066071915584e+01 2.252388864825275241e-02 1.170364144182978322e-01 5.969407326405892084e-02 2.099886709514783193e-09 9.572248635701702257e-01
6.771509066071915584e+01 2.252388864825275241e-02 1.170364144182978322e-01 5.969407326405892084e-02 2.099886709514783193e-09 9.572248635701702257e-01
6.932394016229295630e+01 2.219763066112823147e-02 1.136180266208927786e-01 5.293406085659038002e-02 2.039845066937870743e-09 9.545235445406931030e-01
6.899710148861983328e+01 2.216411853812154040e-02 1.146624558033640523e-01 5.409666728094654486e-02 2.048853160886967187e-09 9.540206928227284999e-01
6.925535979395770880e+01 2.248535129214278630e-02 1.156217269369299444e-01 4.968970218848144105e-02 2.052793767967601874e-09 9.630574161204367156e-01
6.989903438471466757e+01 2.233683367296016714e-02 1.135234426586986395e-01 4.799332485251660285e-02 2.021380258818290835e-09 9.599647842557642585e-01
6.876640165462795551e+01 2.238025726000627061e-02 1.160628127115325564e-01 5.830785120552703371e-02 2.081677627605266405e-09 9.564477613943069834e-01
6.851409093886452695e+01 2.222549566873554747e-02 1.148592343096624668e-01 4.899413032991507128e-02 2.026839001168071353e-09 9.527169411747045125e-01
6.851409093886452695e+01 2.222549566873554747e-02 1.148592343096624668e-01 4.899413032991507128e-02 2.026839001168071353e-09 9.527169411747045125e-01
6.908669078413460340e+01 2.257574538125595165e-02 1.139401918653827617e-01 5.887852046206601409e-02 2.068193986241299010e-09 9.630241977255658004e-01
6.924933639896160287e+01 2.261460085824360325e-02 1.140748547614535979e-01 4.797611648815656993e-02 2.024717199691746958e-09 9.624367443689695323e-01
6.924933639896160287e+01 2.261460085824360325e-02 1.140748547614535979e-01 4.797611648815656993e-02 2.024717199691746958e-09 9.624367443689695323e-01
7.016498365366963696e+01 2.285651851669540449e-02 1.132213256488160819e-01 5.623393947956644573e-02 2.071328976567611698e-09 9.748396466512223579e-01
7.016498365366963696e+01 2.285651851669540449e-02 1.132213256488160819e-01 5.623393947956644573e-02 2.071328976567611698e-09 9.748396466512223579e-01
7.223452846547790784e+01 2.288286618531392216e-02 1.089773179486979993e-01 5.862582498664396791e-02 2.048757592386813613e-09 9.763018502997159453e-01
7.157265964309189599e+01 2.267176057586700599e-02 1.098490430151287806e-01 5.478428605696750858e-02 2.033008806681640964e-09 9.680798805614198033e-01
7.157265964309189599e+01 2.267176057586700599e-02 1.098490430151287806e-01 5.478428605696750858e-02 2.033008806681640964e-09 9.680798805614198033e-01
6.995727371178597309e+01 2.249246971734504552e-02 1.126156388304275363e-01 5.224889758247990013e-02 2.040202599828706661e-09 9.641480895646160620e-01
6.995727371178597309e+01 2.249246971734504552e-02 1.126156388304275363e-01 5.224889758247990013e-02 2.040202599828706661e-09 9.641480895646160620e-01
6.988110520898305822e+01 2.251943311701847319e-02 1.124794024447034191e-01 4.817823141388502539e-02 2.026984659808357597e-09 9.666847728996416089e-01
7.123919800868610253e+01 2.237806493726950119e-02 1.093811483589558070e-01 5.628417052031062240e-02 2.034382407027845288e-09 9.691681465991970335e-01
7.123919800868610253e+01 2.237806493726950119e-02 1.093811483589558070e-01 5.628417052031062240e-02 2.034382407027845288e-09 9.691681465991970335e-01
7.123919800868610253e+01 2.237806493726950119e-02 1.093811483589558070e-01 5.628417052031062240e-02 2.034382407027845288e-09 9.691681465991970335e-01
7.291780233331209615e+01 2.252972722527840296e-02 1.066125839819562215e-01 5.293392992644742334e-02 2.000079061068679647e-09 9.728824784787939439e-01
7.020716370692586850e+01 2.226964741538358522e-02 1.105938399182755383e-01 5.334733905570518409e-02 2.019648953837399456e-09 9.615173077107986854e-01
7.140354050885864012e+01 2.238629100534328398e-02 1.094219536605357673e-01 5.953672187864986198e-02 2.036913197728743539e-09 9.653058318272450533e-01
7.140354050885864012e+01 2.238629100534328398e-02 1.094219536605357673e-01 5.953672187864986198e-02 2.036913197728743539e-09 9.653058318272450533e-01
7.088410624506623492e+01 2.258886601325537508e-02 1.112770259520049349e-01 4.780252277642852571e-02 2.008498813893077696e-09 9.641720727362025345e-01
7.009197072154326236e+01 2.268737367442629979e-02 1.140806518790406648e-01 5.689608348207886301e-02 2.071725871216341635e-09 9.659785269914941130e-01
7.021837766286046190e+01 2.281161989347324850e-02 1.149044139784843321e-01 5.226818101563909802e-02 2.060860007238318660e-09 9.674097674975163930e-01
7.040147757904973957e+01 2.263647179080057956e-02 1.131062869051212144e-01 5.051115290121285101e-02 2.028470614592340657e-09 9.600866221329471539e-01
7.002418607772962389e+01 2.263817219019917740e-02 1.138051298433509911e-01 5.244743459977582734e-02 2.041553021190063566e-09 9.600432877602690374e-01
6.982281969437951830e+01 2.255236363976637765e-02 1.142108146569105337e-01 6.025686722367845638e-02 2.073237432882031356e-09 9.599696177817620413e-01
6.943764139085132570e+01 2.257130878848082056e-02 1.147489213892013138e-01 4.947208100562672239e-02 2.029764658469841501e-09 9.591167177195540905e-01
6.943764139085132570e+01 2.257130878848082056e-02 1.147489213892013138e-01 4.947208100562672239e-02 2.029764658469841501e-09 9.591167177195540905e-01
6.900256718446554771e+01 2.226987211709025721e-02 1.142933578240507564e-01 4.967894259519327338e-02 2.018926468043323253e-09 9.572139223594243740e-01
6.766119412056742988e+01 2.254263294415257898e-02 1.176439849992660797e-01 5.602236872162693476e-02 2.072733707817933444e-09 9.588358871559931051e-01
6.967076999860650233e+01 2.294648148037174359e-02 1.142489531965066168e-01 5.171065118487112172e-02 2.037973881676856051e-09 9.696657479047204875e-01
6.967076999860650233e+01 2.294648148037174359e-02 1.142489531965066168e-01 5.171065118487112172e-02 2.037973881676856051e-09 9.696657479047204875e-01
7.012614505689711564e+01 2.304140458530265848e-02 1.134898952496898178e-01 5.316838230193913356e-02 2.042365184724113144e-09 9.743307625176386155e-01
7.189434500241257808e+01 2.309817139583496617e-02 1.102149538906439658e-01 5.315234671310360010e-02 2.014754362035464716e-09 9.767051086224439738e-01
6.979111314432816471e+01 2.328170993741619441e-02 1.145891626134237645e-01 5.530343179360257960e-02 2.054531815815014292e-09 9.710058222558340946e-01
7.070502617555837332e+01 2.331056992569978045e-02 1.127941814153363559e-01 5.984212250644844328e-02 2.059501196309963978e-09 9.705688811576992370e-01
7.009053047242554157e+01 2.345798066459656162e-02 1.141159776982563767e-01 5.538567567095552951e-02 2.059613988693076836e-09 9.724114184745988876e-01
7.009053047242554157e+01 2.345798066459656162e-02 1.141159776982563767e-01 5.538567567095552951e-02 2.059613988693076836e-09 9.724114184745988876e-01
7.009053047242554157e+01 2.345798066459656162e-02 1.141159776982563767e-01 5.538567567095552951e-02 2.059613988693076836e-09 9.724114184745988876e-01
7.213521497997992071e+01 2.370852959979983729e-02 1.116059730990144466e-01 5.479772233486014665e-02 2.050553809058251906e-09 9.804386076203761569e-01
7.213521497997992071e+01 2.370852959979983729e-02 1.116059730990144466e-01 5.479772233486014665e-02 2.050553809058251906e-09 9.804386076203761569e-01
7.302095519349252584e+01 2.373430111993307320e-02 1.092417468145422399e-01 5.808041501494207171e-02 2.050654779461546718e-09 9.843702829262004350e-01
7.366522656922576573e+01 2.356233961549592318e-02 1.063676076989031882e-01 5.512797687108482447e-02 2.010139130361079951e-09 9.832479811934990988e-01
7.346556598015742168e+01 2.314858691801006257e-02 1.065824603971862183e-01 5.819754529722014069e-02 2.012932226535374067e-09 9.756309405640378740e-01
7.346556598015742168e+01 2.314858691801006257e-02 1.065824603971862183e-01 5.819754529722014069e-02 2.012932226535374067e-09 9.756309405640378740e-01
7.353905771294692784e+01 2.285651792712309338e-02 1.050359929955899801e-01 5.435520472760793642e-02 1.979137309138295829e-09 9.709793970946752895e-01
7.353905771294692784e+01 2.285651792712309338e-02 1.050359929955899801e-01 5.435520472760793642e-02 1.979137309138295829e-09 9.709793970946752895e-01
7.353905771294692784e+01 2.285651792712309338e-02 1.050359929955899801e-01 5.435520472760793642e-02 1.979137309138295829e-09 9.709793970946752895e-01
7.376000125573754929e+01 2.300759191570394754e-02 1.044441527194386599e-01 5.281260407136948581e-02 1.975313109748130819e-09 9.738732958306158816e-01
7.376000125573754929e+01 2.300759191570394754e-02 1.044441527194386599e-01 5.281260407136948581e-02 1.975313109748130819e-09 9.738732958306158816e-01
7.439316007675658682e+01 2.323963245173506567e-02 1.042929587746320857e-01 5.121415465879769480e-02 1.979033716178187721e-09 9.800982350046059111e-01
7.439316007675658682e+01 2.323963245173506567e-02 1.042929587746320857e-01 5.121415465879769480e-02 1.979033716178187721e-09 9.800982350046059111e-01
7.391034513681519513e+01 2.363818968048002692e-02 1.063993466372405161e-01 6.061605423953768390e-02 2.042892226885452379e-09 9.859561707862080082e-01
7.187503368866433107e+01 2.311971530794735413e-02 1.081947253377920359e-01 5.841700080319184307e-02 2.032196137918119825e-09 9.761307884132875978e-01
7.187503368866433107e+01 2.311971530794735413e-02 1.081947253377920359e-01 5.841700080319184307e-02 2.032196137918119825e-09 9.761307884132875978e-01
7.187503368866433107e+01 2.311971530794735413e-02 1.081947253377920359e-01 5.841700080319184307e-02 2.032196137918119825e-09 9.761307884132875978e-01
7.254656481169253368e+01 2.302844144444860658e-02 1.067241342076395011e-01 5.637708559831978300e-02 2.019915097176086328e-09 9.768336799655933378e-01
7.254656481169253368e+01 2.302844144444860658e-02 1.067241342076395011e-01 5.637708559831978300e-02 2.019915097176086328e-09 9.768336799655933378e-01
7.254656481169253368e+01 2.302844144444860658e-02 1.067241342076395011e-01 5.637708559831978300e-02 2.019915097176086328e-09 9.768336799655933378e-01
7.254656481169253368e+01 2.302844144444860658e-02 1.067241342076395011e-01 5.637708559831978300e-02 2.019915097176086328e-09 9.768336799655933378e-01
6.954118803266872817e+01 2.256300254787994147e-02 1.108565873040870398e-01 5.970653442997054389e-02 2.059804446564770235e-09 9.664658846824525362e-01
7.057381818640976689e+01 2.300887336319850512e-02 1.104492203785706339e-01 5.119579811699111194e-02 2.024156242187076260e-09 9.746254016583812962e-01
7.176515402396061916e+01 2.329737939994631218e-02 1.092874404123689164e-01 5.009044439684940536e-02 2.012396984631621225e-09 9.790058550149144390e-01
7.176515402396061916e+01 2.329737939994631218e-02 1.092874404123689164e-01 5.009044439684940536e-02 2.012396984631621225e-09 9.790058550149144390e-01
7.176515402396061916e+01 2.329737939994631218e-02 1.092874404123689164e-01 5.009044439684940536e-02 2.012396984631621225e-09 9.790058550149144390e-01
7.176515402396061916e+01 2.329737939994631218e-02 1.092874404123689164e-01 5.009044439684940536e-02 2.012396984631621225e-09 9.790058550149144390e-01
7.182320810215789209e+01 2.324015402067940161e-02 1.090264618077665809e-01 5.659699229415254135e-02 2.036029803394228097e-09 9.770754645391767079e-01
7.182320810215789209e+01 2.324015402067940161e-02 1.090264618077665809e-01 5.659699229415254135e-02 2.036029803394228097e-09 9.770754645391767079e-01
7.002256288686039909e+01 2.308960774005688887e-02 1.129176733971652136e-01 5.585362066380297058e-02 2.066462319315046385e-09 9.697457432694573942e-01
7.002256288686039909e+01 2.308960774005688887e-02 1.129176733971652136e-01 5.585362066380297058e-02 2.066462319315046385e-09 9.697457432694573942e-01
6.913857761024108584e+01 2.289286460431327191e-02 1.136976593315557477e-01 6.067028296225647488e-02 2.084512701709902995e-09 9.663044632230096687e-01
6.913857761024108584e+01 2.289286460431327191e-02 1.136976593315557477e-01 6.067028296225647488e-02 2.084512701709902995e-09 9.663044632230096687e-01
7.127159952908492357e+01 2.314415644084033899e-02 1.101543528156551377e-01 4.831540155990280555e-02 2.016826138052812830e-09 9.744723376684075733e-01
7.155737468419420111e+01 2.323378563831497018e-02 1.099837659365092840e-01 4.865183691187267845e-02 2.023064246252843651e-09 9.831170755177238707e-01
6.980324397154060989e+01 2.311897143959244783e-02 1.136412724920423806e-01 5.470854077324173448e-02 2.067886590729907367e-09 9.761397455632282449e-01
6.987105121889743486e+01 2.301376867098589227e-02 1.139662696340682374e-01 5.499989905561880610e-02 2.068694497202535145e-09 9.725894316463983280e-01
6.987105121889743486e+01 2.301376867098589227e-02 1.139662696340682374e-01 5.499989905561880610e-02 2.068694497202535145e-09 9.725894316463983280e-01
6.987105121889743486e+01 2.301376867098589227e-02 1.139662696340682374e-01 5.499989905561880610e-02 2.068694497202535145e-09 9.725894316463983280e-01
7.030951271020312277e+01 2.254617891954210224e-02 1.112895837593134984e-01 4.888778572799153121e-02 2.012224830006428966e-09 9.645191097064571562e-01
6.912592668427942044e+01 2.248241937567226068e-02 1.131340106257951450e-01 5.001633976531159181e-02 2.029177645934716957e-09 9.649989248164136946e-01
6.912592668427942044e+01 2.248241937567226068e-02 1.131340106257951450e-01 5.001633976531159181e-02 2.029177645934716957e-09 9.649989248164136946e-01
6.903593561383459587e+01 2.262294227662854998e-02 1.152994144261552945e-01 6.050176773629227511e-02 2.104417019631309077e-09 9.698281942561914892e-01
6.876865261452746836e+01 2.253900059133583100e-02 1.149722764252708307e-01 5.680742957777447366e-02 2.081299102182070156e-09 9.683247947045420245e-01
6.804692447289811241e+01 2.237848043873719509e-02 1.163240370616784591e-01 5.532035589603855746e-02 2.080936613290861188e-09 9.663159560321192831e-01
6.663426658963099669e+01 2.220515788381308489e-02 1.191983509495533611e-01 5.677506348398387442e-02 2.108969599440088768e-09 9.645537141810853754e-01
6.663426658963099669e+01 2.220515788381308489e-02 1.191983509495533611e-01 5.677506348398387442e-02 2.108969599440088768e-09 9.645537141810853754e-01
6.663426658963099669e+01 2.220515788381308489e-02 1.191983509495533611e-01 5.677506348398387442e-02 2.108969599440088768e-09 9.645537141810853754e-01
6.663426658963099669e+01 2.220515788381308489e-02 1.191983509495533611e-01 5.677506348398387442e-02 2.108969599440088768e-09 9.645537141810853754e-01
6.771154655316257731e+01 2.219206075331527084e-02 1.172214917362569830e-01 5.307691259848509868e-02 2.074918269518769535e-09 9.674942628550788903e-01
6.926586641694285618e+01 2.253175558730845240e-02 1.153022223039535943e-01 4.851874004018152942e-02 2.053554625591117361e-09 9.768270833298285938e-01
6.926586641694285618e+01 2.253175558730845240e-02 1.153022223039535943e-01 4.851874004018152942e-02 2.053554625591117361e-09 9.768270833298285938e-01
6.926586641694285618e+01 2.253175558730845240e-02 1.153022223039535943e-01 4.851874004018152942e-02 2.053554625591117361e-09 9.768270833298285938e-01
7.245743652476650709e+01 2.316080980377889509e-02 1.112885391720117023e-01 6.055159901290436963e-02 2.085152477953813933e-09 9.895721309336629190e-01
7.385331218185839930e+01 2.312790876242895935e-02 1.087865902599940982e-01 5.947822662195845211e-02 2.060433993069807747e-09 9.896906652474315447e-01
7.149150759122075272e+01 2.309834048602890655e-02 1.131579692032271683e-01 6.018393683009720663e-02 2.085626219339770572e-09 9.783182010934534656e-01
6.865027582987620747e+01 2.241496285824567947e-02 1.169136314376724162e-01 5.042918042066243944e-02 2.065112911519336039e-09 9.649520794001561486e-01
6.865027582987620747e+01 2.241496285824567947e-02 1.169136314376724162e-01 5.042918042066243944e-02 2.065112911519336039e-09 9.649520794001561486e-01
6.665233750316836847e+01 2.232404158209896211e-02 1.208650646550677304e-01 5.343677715497902048e-02 2.105172832024482438e-09 9.600714745136423867e-01
6.788290277666501993e+01 2.219172435981017419e-02 1.170770280999152285e-01 5.190670179351191543e-02 2.060716654288508023e-09 9.550672262624954056e-01
6.788290277666501993e+01 2.219172435981017419e-02 1.170770280999152285e-01 5.190670179351191543e-02 2.060716654288508023e-09 9.550672262624954056e-01
6.871402743226174437e+01 2.219008533026832486e-02 1.151804345346215119e-01 4.913671587465183455e-02 2.034684356771409258e-09 9.557519902246829346e-01
6.834302493520507937e+01 2.220664074926859480e-02 1.164290641703192575e-01 5.421087848667448250e-02 2.060672273801694859e-09 9.519294821041058841e-01
6.952056310410240769e+01 2.220702496550473054e-02 1.136716714696485164e-01 5.805735928141522034e-02 2.057609834773323644e-09 9.607425406611390661e-01
6.864536179778230007e+01 2.248782269926183700e-02 1.167360310868933021e-01 4.752516604529226363e-02 2.039241400873880038e-09 9.619519054181191464e-01
6.918898258972147630e+01 2.245204226886117482e-02 1.142567501727960039e-01 5.616782995101958498e-02 2.049816729516780082e-09 9.613241965485171958e-01
6.918898258972147630e+01 2.245204226886117482e-02 1.142567501727960039e-01 5.616782995101958498e-02 2.049816729516780082e-09 9.613241965485171958e-01
6.946452851847121224e+01 2.230955417087074344e-02 1.140774659295028665e-01 6.029069831011210634e-02 2.064965354096365816e-09 9.608239380858315526e-01
6.989545708152549253e+01 2.234065320295653898e-02 1.133517463969642841e-01 5.559798525726548923e-02 2.045941919842795091e-09 9.658118120142398233e-01
